num_dim = 4
dist = 2

results                                                             mean        std
TF1     0.002372    0.003425    0.003817    0.002850    0.003240    0.003142    0.0004947
TF2     2.9193      2.9812      2.9144      3.0105      2.9872
SWD     0.9621      0.9505      0.8115      0.8319      0.8911
PWD     3.0176      3.0172      3.0164      3.0176      3.0096

execution time                                                      mean        std
TF1     3.9401      3.8534      3.8058      3.8571      3.8081      3.8529
TF2     1.1359      1.1402      1.1324      1.1429      1.1431
SWD     0.002931    0.003096    0.003133    0.003554    0.002978
PWD     0.005004    0.004881    0.004510    0.004525    0.004373

dist = 20

results                                                             mean        std
TF1     0.01724     0.01787     0.01525     0.01263     0.01514     0.01563  
TF2     20.219      20.213      20.223      20.243      20.224    
SWD     8.5643      7.8112      8.4171      7.7840      9.0043
PWD     20.166      20.165      20.165      20.165      20.165

execution time                                                      mean        std
TF1     3.8848      3.8626      3.8386      3.9381      3.9061      3.8860
TF2     1.1433      1.1195      1.1500      1.1958      1.1753
SWD     0.004113    0.003963    0.002587    0.004015    0.004539
PWD     0.005297    0.004398    0.004629    0.004762    0.005517